! --- Parameters for ASDEX Upgrade equilibrium micdu/eqb/31128/7/2.40000009537
!     extracted using cliste2jorek.py at 2015-07-03 12:43:33
 &in1

 restart = .true.
 tstep_n =  0.5
 nstep_n =   9999

 n_R      = 0
 n_Z      = 0
 n_radial = 120
 n_pol    = 240

 n_flux   = 81
 n_tht    = 141
 n_open   = 26
 n_leg    = 13
 n_private= 18


 nout = 5
 gmres_max_iter   = 100
 gmres_tol        = 1.d-7
 !gmres_4          = 1.d0
 iter_precon      = 10
 time_evol_scheme = 'Crank-Nicholson'

 central_density = 0.52318422
 F0              = 3.03592621927
 tauIC     = 0.d-0
! NEO       = .t.
! neo_file = 'neoclass_coef_31128_iteration9.dat'
! rot_file = 'Omega_par_fitted_31128_norm_good_better_SOL.dat'
! normalized_velocity_profile = .f.

 eta       = 1.d-7
 eta_num   = 3.d-13
 visco     = 1.d-6
 visco_par = 1.d-6
 visco_num = 1.d-10
 visco_par_num = 3.d-11

 d_perp_file  = 'Dprofile5.dat'
 zk_perp_file = 'Zkprofile5.dat'

 D_par      = 0.0d0
 D_perp_num = 1.d-11
 
 D_prof_neg  = 1.d-3
 ZK_prof_neg = 1.d-3
 
 ZK_par      = 500.d0
 ZK_perp_num = 1.d-11

 heatsource     = 1.1d-6
 particlesource = 1.3d-5

 output_bnd_elements = .f.

 n_boundary      = 200

 R_boundary      = 2.3266939, 2.3264777, 2.3258282, 2.3247435, 2.3232198, 2.3212521, 2.3188343, 2.3159584, 2.312616, 2.3087965, 2.3044892, 2.2996818, 2.2943614, 2.2885143, 2.2821263, 2.2751824, 2.2676678, 2.2595671, 2.2508655, 2.2415479, 2.2316001, 2.2210083, 2.2097598, 2.1978428, 2.185247, 2.1719636, 2.1579856, 2.1433078, 2.1279277, 2.1118447, 2.0950612, 2.077582, 2.0594152, 2.0405717, 2.0210656, 2.0009142, 1.9801383, 1.9587619, 1.9368123, 1.9143199, 1.8913185, 1.8678448, 1.8439384, 1.8196416, 1.7949993, 1.7700584, 1.744868, 1.7194786, 1.6939424, 1.6683121, 1.6426415, 1.6169843, 1.5913945, 1.5659251, 1.5406287, 1.5155569, 1.4907592, 1.4662839, 1.4421768, 1.4184817, 1.3952393, 1.372488, 1.350263, 1.3285965, 1.307517, 1.2870508, 1.2672195, 1.2480428, 1.2295361, 1.2117118, 1.1945797, 1.178146, 1.1624144, 1.1473856, 1.1330584, 1.1194283, 1.1064896, 1.0942345, 1.0826531, 1.0717345, 1.0614664, 1.0518354, 1.0428276, 1.0344284, 1.0266227, 1.0193953, 1.0127312, 1.0066154, 1.0010335, 0.9959713, 0.99141543, 0.98735346, 0.98377384, 0.9806659, 0.97802007, 0.97582821, 0.97408328, 0.97277956, 0.97191276, 0.97148024, 0.97145648, 0.9716998, 0.97218699, 0.97291926, 0.97389804, 0.97512575, 0.97660503, 0.9783394, 0.98033249, 0.98258892, 0.98511342, 0.98791138, 0.99098885, 0.9943521, 0.99800817, 1.0019641, 1.0062278, 1.0108073, 1.0157114, 1.0209487, 1.0265286, 1.0324607, 1.0387547, 1.0454207, 1.0524687, 1.0599096, 1.0677533, 1.0760108, 1.0846925, 1.0938088, 1.1033704, 1.1133872, 1.1238694, 1.1348267, 1.1462684, 1.1582033, 1.1706398, 1.1835855, 1.1970477, 1.2110325, 1.2255455, 1.2405908, 1.256172, 1.2722913, 1.2889498, 1.306147, 1.3238813, 1.3421494, 1.3609467, 1.3802663, 1.4001002, 1.4204379, 1.4412676, 1.4625751, 1.4843443, 1.506557, 1.5291925, 1.5522285, 1.5756397, 1.5993994, 1.623478, 1.6478436, 1.6724624, 1.6972984, 1.7223131, 1.747466, 1.7727146, 1.7980143, 1.8233189, 1.8485801, 1.8737481, 1.8987717, 1.9235983, 1.9481739, 1.9724442, 1.9963531, 2.0198449, 2.0428632, 2.0653513, 2.0872526, 2.1085113, 2.1290717, 2.1488794, 2.1678808, 2.1860238, 2.2032579, 2.2195344, 2.234807, 2.2490315, 2.2621662, 2.2741726, 2.2850149, 2.2946606, 2.3030806, 2.3102494, 2.3161451, 2.3207495, 2.3240485, 2.326032, 2.3266939, 

 Z_boundary      = 0.0, 0.037571545, 0.075111797, 0.11258353, 0.14994973, 0.18717339, 0.22421816, 0.2610475, 0.29762588, 0.33391751, 0.36988766, 0.40550191, 0.44072656, 0.47552842, 0.50987549, 0.54373622, 0.57708048, 0.60987883, 0.64210356, 0.67372792, 0.70472679, 0.73507694, 0.76475681, 0.7937469, 0.82202992, 0.84959132, 0.87641882, 0.90250296, 0.92783728, 0.95241845, 0.97624589, 0.99932202, 1.0216521, 1.0432433, 1.064105, 1.0842467, 1.1036784, 1.1224077, 1.1404396, 1.1577734, 1.1744017, 1.1903076, 1.2054631, 1.2198274, 1.2333447, 1.2459451, 1.257543, 1.2680392, 1.2773226, 1.2852731, 1.2917655, 1.2966746, 1.2998796, 1.3012697, 1.3007494, 1.2982414, 1.2936918, 1.2870708, 1.2783743, 1.2676235, 1.2548628, 1.2401579, 1.2235919, 1.2052614, 1.1852731, 1.1637388, 1.1407725, 1.116487, 1.0909912, 1.0643878, 1.0367725, 1.0082326, 0.97884715, 0.94868645, 0.91781297, 0.88628177, 0.85414132, 0.82143455, 0.78819937, 0.75446991, 0.72027723, 0.68565017, 0.65061574, 0.61520013, 0.5794287, 0.54332692, 0.50692039, 0.47023504, 0.43329735, 0.39613487, 0.35877575, 0.32124903, 0.28358482, 0.24581423, 0.20796918, 0.1700824, 0.13218778, 0.094319794, 0.056513764, 0.018805782, -0.018805781, -0.056513649, -0.094318899, -0.13218434, -0.17007298, -0.20794814, -0.24577312, -0.28351185, -0.32112844, -0.35858731, -0.39585328, -0.43289176, -0.46966854, -0.50614964, -0.54230187, -0.5780924, -0.61348878, -0.64845899, -0.68297166, -0.71699548, -0.75049978, -0.78345382, -0.81582712, -0.84758926, -0.87870971, -0.90915751, -0.93890132, -0.96790913, -0.9961479, -1.0235836, -1.0501805, -1.0759012, -1.1007063, -1.124554, -1.1474, -1.1691968, -1.1898943, -1.209439, -1.2277741, -1.2448397, -1.2605734, -1.2749097, -1.2877817, -1.2991213, -1.3088604, -1.3169325, -1.3232733, -1.327824, -1.3305314, -1.3313515, -1.3302504, -1.3272069, -1.3222138, -1.3152798, -1.3064302, -1.2957076, -1.2831715, -1.2688976, -1.2529763, -1.2355107, -1.216613, -1.1964022, -1.1749997, -1.1525262, -1.1290978, -1.1048234, -1.0798005, -1.0541153, -1.0278394, -1.0010309, -0.97373327, -0.94597719, -0.9177818, -0.88915614, -0.86010165, -0.8306143, -0.80068653, -0.77030887, -0.73947217, -0.70816868, -0.67639306, -0.644143, -0.61141995, -0.5782293, -0.54457994, -0.51048492, -0.4759604, -0.44102619, -0.40570451, -0.37002053, -0.33400147, -0.29767653, -0.26107629, -0.22423328, -0.18718052, -0.14995259, -0.11258442, -0.075111971, -0.037571556, 0.0, 

 Psi_boundary    = 0.130545333028, 0.127448424697, 0.12490336597, 0.122928693891, 0.121520526707, 0.12066540122, 0.120334513485, 0.120494537055, 0.121085301042, 0.122052378953, 0.123344026506, 0.124870635569, 0.12657186389, 0.128377899528, 0.130235090852, 0.132038131356, 0.133769139647, 0.135324314237, 0.136675566435, 0.13775229454, 0.138561084867, 0.139020830393, 0.139151200652, 0.138917312026, 0.138299360871, 0.137305438519, 0.135918617249, 0.134155526757, 0.132010325789, 0.129502236843, 0.126648321748, 0.123481594026, 0.120002835989, 0.116252966225, 0.112268321216, 0.10806787014, 0.10370105505, 0.099204018712, 0.0946096628904, 0.089950747788, 0.085276030004, 0.0806155353785, 0.0760093703866, 0.0714910849929, 0.0670977085829, 0.0628639385104, 0.0588235631585, 0.0550103783607, 0.0514555163682, 0.0481879077852, 0.0452389344573, 0.0426272712648, 0.0403792634606, 0.0385037660599, 0.0370108634233, 0.0358993150294, 0.0351678729057, 0.0348032489419, 0.0347816906869, 0.0350806340575, 0.0356706976891, 0.036519203335, 0.0375931151211, 0.0388519950211, 0.0402679443359, 0.0417980886996, 0.0434143394232, 0.0450851619244, 0.0467778965831, 0.0484666377306, 0.0501269996166, 0.0517355874181, 0.0532719194889, 0.0547184608877, 0.0560609698296, 0.0572856515646, 0.0583835467696, 0.059349372983, 0.0601760447025, 0.0608651526272, 0.0614161044359, 0.0618321746588, 0.0621144808829, 0.0622805207968, 0.0623294748366, 0.0622733570635, 0.0621308200061, 0.061910059303, 0.0616242662072, 0.0612828917801, 0.0609059408307, 0.0605056136847, 0.0600922703743, 0.0596753396094, 0.0592672526836, 0.0588717237115, 0.058500431478, 0.0581497624516, 0.0578255541623, 0.0575234778225, 0.05724651739, 0.0570249892771, 0.0568581670523, 0.0567363165319, 0.0566472038627, 0.0565754026175, 0.0565047897398, 0.0564155094326, 0.0562873668969, 0.0561000071466, 0.0558326430619, 0.0554633326828, 0.0549723282456, 0.0543384626508, 0.053543381393, 0.0525693111122, 0.0513986684382, 0.0500182621181, 0.0484139360487, 0.0465717203915, 0.0444883815944, 0.0421474948525, 0.0395553261042, 0.0366960801184, 0.0335857532918, 0.0302132368088, 0.0265910308808, 0.0227387156337, 0.0186519604176, 0.014362080954, 0.00987998209894, 0.00524157239124, 0.000455375819001, -0.00441812491044, -0.00935715530068, -0.0143224829808, -0.0192818660289, -0.0241613201797, -0.0289501771331, -0.0335785225034, -0.0379707664251, -0.0421033725142, -0.0459175221622, -0.0493463203311, -0.0523142069578, -0.0547632724047, -0.0566576160491, -0.0579332187772, -0.0585483051836, -0.0584350936115, -0.0575682856143, -0.0559095554054, -0.0534806549549, -0.0502297654748, -0.0462181083858, -0.0414369143546, -0.0359163843095, -0.0297649968415, -0.0230013709515, -0.0157020334154, -0.00795423518866, 0.000153179455083, 0.00854352768511, 0.0171596333385, 0.0258984994143, 0.0347032696009, 0.0435105971992, 0.0522634647787, 0.0609065294266, 0.0693898424506, 0.0776667892933, 0.0856846645474, 0.0934054777026, 0.100759737194, 0.107768498361, 0.114470049739, 0.12074329704, 0.126572415233, 0.131937265396, 0.136767104268, 0.14110045135, 0.144843548536, 0.14807972312, 0.150739505887, 0.152873963118, 0.154364511371, 0.15529794991, 0.155680432916, 0.155544087291, 0.154899373651, 0.153832271695, 0.152356430888, 0.150489598513, 0.148316249251, 0.145845234394, 0.143133893609, 0.140212193131, 0.137104988098, 0.133883342147, 0.130545333028, 

 FFprime_file    = 'ffp_fitted_wo_SOL_current2.dat'
 rho_file        = 'rho_fitted.dat'
 T_file          = 't_fitted2.dat'

 R_geo          = 1.64907519
 Z_geo          = -0.0150409
 
 psi_axis_init = -0.2
 
 amin     = 1.

 SIG_closed       = 0.07d0
 SIG_open         = 0.33d0
 SIG_private      = 0.3d0
 SIG_theta        = 0.03d0
 SIG_leg_0        = 0.33d0
 SIG_leg_1        = 0.33d0
 dPSI_open        = 0.055
 dPSI_private     = 0.037

 xpoint = .t.
 xcase = 1
 mf               = -1
 xsig             = 1.